              precision    recall  f1-score   support

           0       0.92      0.69      0.79        32
           1       0.94      0.83      0.88        18
           2       0.97      0.97      0.97       181
           3       1.00      0.67      0.80         3
           4       0.93      0.93      0.93        90
           5       0.97      1.00      0.98        31
           6       1.00      1.00      1.00         1
           7       1.00      0.86      0.92        14
           8       1.00      0.50      0.67         2
           9       0.95      0.94      0.94       253
          10       0.82      0.64      0.72        14
          11       1.00      0.73      0.85        30
          12       0.75      0.55      0.63        11
          13       0.88      0.93      0.90        15
          14       0.98      0.96      0.97        91
          15       0.97      1.00      0.99        71
          16       1.00      1.00      1.00         6
          17       0.83      0.67      0.74        15
          18       0.87      0.93      0.90        29
          19       0.85      0.94      0.89       359
          20       1.00      0.67      0.80         3
          21       0.97      0.90      0.93        39
          22       0.98      0.92      0.95        53

    accuracy                           0.92      1361
   macro avg       0.94      0.84      0.88      1361
weighted avg       0.93      0.92      0.92      1361
